Zeit	Weg	Kraft
s	mm	N
0.02	0.244	5.5688
0.04	0.2443	5.7132
0.06	0.2447	5.8762
0.08	0.2449	5.9924
0.1	0.2451	6.0714
0.12	0.2454	6.1868
0.14	0.2457	6.3223
0.16	0.246	6.449
0.18	0.2462	6.5579
0.2	0.2465	6.6692
0.22	0.2467	6.7821
0.24	0.247	6.8894
0.26	0.2472	6.9983
0.28	0.2475	7.1177
0.3	0.2478	7.2436
0.32	0.248	7.3452
0.34	0.2481	7.4162
0.36	0.2484	7.5243
0.38	0.2487	7.6655
0.4	0.249	7.7938
0.42	0.2493	7.9156
0.44	0.2495	8.0309
0.46	0.2498	8.1455
0.48	0.25	8.2568
0.5	0.2502	8.3496
0.52	0.2505	8.4601
0.54	0.2508	8.5876
0.56	0.251	8.6981
0.58	0.2512	8.7965
0.6	0.2515	8.9159
0.62	0.2518	9.0321
0.64	0.2519	9.1208
0.66	0.2522	9.2201
0.68	0.2525	9.3532
0.7	0.2528	9.4814
0.72	0.253	9.5855
0.74	0.2532	9.6702
0.76	0.2534	9.7743
0.78	0.2537	9.9074
0.8	0.254	10.0429
0.82	0.2543	10.1607
0.84	0.2545	10.2575
0.86	0.2547	10.3608
0.88	0.255	10.4955
0.9	0.2553	10.6124
0.92	0.2555	10.6988
0.94	0.2557	10.8012
0.96	0.256	10.923
0.98	0.2562	11.0489
1.	0.2565	11.1683
1.02	0.2567	11.2707
1.04	0.257	11.3748
1.06	0.2572	11.4885
1.08	0.2575	11.612
1.1	0.2578	11.7338
1.12	0.258	11.8266
1.14	0.2582	11.9226
1.16	0.2585	12.0444
1.18	0.2588	12.1743
1.2	0.259	12.292
1.22	0.2593	12.4001
1.24	0.2595	12.4937
1.26	0.2597	12.5986
1.28	0.26	12.739
1.3	0.2603	12.86
1.32	0.2605	12.9503
1.34	0.2607	13.0584
1.36	0.261	13.1883
1.38	0.2612	13.3093
1.4	0.2615	13.4239
1.42	0.2618	13.5449
1.44	0.262	13.657
1.46	0.2622	13.7498
1.48	0.2625	13.8732
1.5	0.2628	13.9999
1.52	0.2629	14.0757
1.54	0.2631	14.1564
1.56	0.2634	14.279
1.58	0.2637	14.4169
1.6	0.264	14.5404
1.62	0.2642	14.6541
1.64	0.2645	14.7711
1.66	0.2647	14.8792
1.68	0.265	14.9946
1.7	0.2652	15.1156
1.72	0.2655	15.235
1.74	0.2658	15.3576
1.76	0.266	15.477
1.78	0.2663	15.5964
1.8	0.2665	15.6948
1.82	0.2667	15.7908
1.84	0.267	15.9166
1.86	0.2672	16.0263
1.88	0.2675	16.1159
1.9	0.2677	16.2288
1.92	0.268	16.3531
1.94	0.2683	16.483
1.96	0.2685	16.5959
1.98	0.2687	16.6879
2.	0.269	16.7968
2.02	0.2692	16.921
2.04	0.2695	17.0356
2.06	0.2697	17.1372
2.08	0.27	17.2477
2.1	0.2702	17.3768
2.12	0.2705	17.4962
2.14	0.2707	17.5986
2.16	0.271	17.6987
2.18	0.2712	17.8245
2.2	0.2715	17.9504
2.22	0.2718	18.0593
2.24	0.272	18.1569
2.26	0.2722	18.2642
2.28	0.2725	18.3933
2.3	0.2727	18.5014
2.32	0.2729	18.5909
2.34	0.2732	18.7168
2.36	0.2735	18.8475
2.38	0.2738	18.9564
2.4	0.274	19.0516
2.42	0.2742	19.1693
2.44	0.2745	19.3032
2.46	0.2748	19.4178
2.48	0.275	19.5114
2.5	0.2752	19.6203
2.52	0.2755	19.751
2.54	0.2757	19.8655
2.56	0.276	19.964
2.58	0.2762	20.0753
2.6	0.2765	20.2003
2.62	0.2767	20.3125
2.64	0.277	20.4125
2.66	0.2772	20.5246
2.68	0.2775	20.6553
2.7	0.2777	20.7674
2.72	0.278	20.8554
2.74	0.2782	20.9627
2.76	0.2785	21.0958
2.78	0.2788	21.216
2.8	0.279	21.3152
2.82	0.2792	21.4088
2.84	0.2795	21.5298
2.86	0.2797	21.6565
2.88	0.28	21.7823
2.9	0.2803	21.888
2.92	0.2804	21.9767
2.94	0.2807	22.0848
2.96	0.281	22.2163
2.98	0.2812	22.3397
3.	0.2815	22.4616
3.02	0.2818	22.5882
3.04	0.282	22.6939
3.06	0.2822	22.781
3.08	0.2824	22.9012
3.1	0.2827	23.0448
3.12	0.283	23.1642
3.14	0.2832	23.2796
3.16	0.2835	23.4038
3.18	0.2838	23.5224
3.2	0.2839	23.6144
3.22	0.2842	23.7184
3.24	0.2845	23.8515
3.26	0.2848	23.9919
3.28	0.285	24.0992
3.3	0.2852	24.1912
3.32	0.2855	24.317
3.34	0.2858	24.4445
3.36	0.286	24.5429
3.38	0.2862	24.651
3.4	0.2865	24.7962
3.42	0.2868	24.9301
3.44	0.287	25.0237
3.46	0.2872	25.1124
3.48	0.2874	25.2222
3.5	0.2877	25.352
3.52	0.288	25.4779
3.54	0.2882	25.5723
3.56	0.2884	25.6683
3.58	0.2887	25.7917
3.6	0.289	25.9248
3.62	0.2892	26.0466
3.64	0.2895	26.1628
3.66	0.2897	26.2814
3.68	0.29	26.4
3.7	0.2903	26.5186
3.72	0.2905	26.6339
3.74	0.2907	26.7501
3.76	0.291	26.863
3.78	0.2912	26.9776
3.8	0.2915	27.0865
3.82	0.2917	27.2043
3.84	0.292	27.3253
3.86	0.2922	27.4261
3.88	0.2924	27.5213
3.9	0.2927	27.6431
3.92	0.293	27.7819
3.94	0.2932	27.9174
3.96	0.2935	28.0416
3.98	0.2937	28.1473
4.	0.2939	28.253
4.02	0.2942	28.3813
4.04	0.2945	28.5249
4.06	0.2948	28.6564
4.08	0.295	28.7653
4.1	0.2952	28.8734
4.12	0.2955	28.9944
4.14	0.2958	29.1275
4.16	0.296	29.2493
4.18	0.2962	29.3542
4.2	0.2965	29.4703
4.22	0.2968	29.5994
4.24	0.297	29.7333
4.26	0.2973	29.8455
4.28	0.2975	29.9342
4.3	0.2977	30.0439
4.32	0.298	30.1907
4.34	0.2983	30.3182
4.36	0.2985	30.4158
4.38	0.2987	30.5183
4.4	0.299	30.6449
4.42	0.2993	30.774
4.44	0.2995	30.8797
4.46	0.2997	30.9741
4.48	0.3	31.0902
4.5	0.3002	31.2153
4.52	0.3005	31.3298
4.54	0.3007	31.4404
4.56	0.301	31.5622
4.58	0.3012	31.684
4.6	0.3015	30.6151
4.62	0.3017	-0.5461