Zeit	Weg	Kraft
s	mm	N
0.02	0.246	5.4269
0.04	0.2464	5.5656
0.06	0.2467	5.7245
0.08	0.247	5.8383
0.1	0.2472	5.927
0.12	0.2474	6.0456
0.14	0.2478	6.1771
0.16	0.248	6.2836
0.18	0.2482	6.3731
0.2	0.2484	6.4837
0.22	0.2487	6.6152
0.24	0.249	6.741
0.26	0.2493	6.8628
0.28	0.2495	6.9846
0.3	0.2498	7.0976
0.32	0.25	7.1855
0.34	0.2502	7.2888
0.36	0.2505	7.4243
0.38	0.2508	7.5461
0.4	0.251	7.6413
0.42	0.2513	7.751
0.44	0.2516	7.8785
0.46	0.2518	7.985
0.48	0.252	8.0745
0.5	0.2523	8.1842
0.52	0.2525	8.3052
0.54	0.2528	8.4053
0.56	0.253	8.4988
0.58	0.2532	8.6094
0.6	0.2535	8.7336
0.62	0.2538	8.8554
0.64	0.254	8.9627
0.66	0.2543	9.0732
0.68	0.2545	9.1878
0.7	0.2548	9.312
0.72	0.2551	9.4371
0.74	0.2553	9.5306
0.76	0.2555	9.6315
0.78	0.2557	9.7388
0.8	0.256	9.8654
0.82	0.2563	9.9816
0.84	0.2565	10.0703
0.86	0.2567	10.1817
0.88	0.257	10.3067
0.9	0.2573	10.4221
0.92	0.2575	10.5197
0.94	0.2578	10.635
0.96	0.2581	10.7657
0.98	0.2583	10.8658
1.	0.2585	10.9585
1.02	0.2588	11.0836
1.04	0.2591	11.207
1.06	0.2593	11.3038
1.08	0.2595	11.3966
1.1	0.2597	11.5103
1.12	0.2601	11.6459
1.14	0.2603	11.7548
1.16	0.2605	11.8524
1.18	0.2607	11.9468
1.2	0.261	12.0597
1.22	0.2613	12.1888
1.24	0.2615	12.2896
1.26	0.2617	12.3913
1.28	0.262	12.5123
1.3	0.2623	12.6405
1.32	0.2625	12.7349
1.34	0.2627	12.8221
1.36	0.263	12.9358
1.38	0.2633	13.0641
1.4	0.2635	13.1867
1.42	0.2638	13.2916
1.44	0.264	13.3755
1.46	0.2642	13.486
1.48	0.2645	13.6215
1.5	0.2648	13.749
1.52	0.265	13.8595
1.54	0.2653	13.9563
1.56	0.2655	14.0757
1.58	0.2658	14.1911
1.6	0.266	14.2984
1.62	0.2663	14.4242
1.64	0.2665	14.5242
1.66	0.2667	14.6235
1.68	0.267	14.7477
1.7	0.2673	14.8647
1.72	0.2675	14.9607
1.74	0.2678	15.072
1.76	0.2681	15.2075
1.78	0.2683	15.3148
1.8	0.2685	15.4157
1.82	0.2687	15.5197
1.84	0.269	15.6391
1.86	0.2693	15.7593
1.88	0.2695	15.8577
1.9	0.2698	15.9731
1.92	0.27	16.1014
1.94	0.2703	16.2062
1.96	0.2705	16.2926
1.98	0.2707	16.4055
2.	0.271	16.5394
2.02	0.2713	16.6693
2.04	0.2716	16.7758
2.06	0.2718	16.8734
2.08	0.272	16.9807
2.1	0.2723	17.1041
2.12	0.2725	17.2042
2.14	0.2727	17.2961
2.16	0.273	17.4163
2.18	0.2733	17.5502
2.2	0.2735	17.6624
2.22	0.2737	17.7584
2.24	0.274	17.881
2.26	0.2743	18.0157
2.28	0.2745	18.1262
2.3	0.2748	18.2247
2.32	0.275	18.3344
2.34	0.2753	18.4554
2.36	0.2756	18.5909
2.38	0.2758	18.6958
2.4	0.276	18.7869
2.42	0.2763	18.9088
2.44	0.2765	19.0386
2.46	0.2768	19.1395
2.48	0.277	19.2411
2.5	0.2773	19.3742
2.52	0.2775	19.4985
2.54	0.2778	19.5961
2.56	0.278	19.7058
2.58	0.2783	19.83
2.6	0.2785	19.9365
2.62	0.2788	20.0374
2.64	0.279	20.1447
2.66	0.2793	20.2511
2.68	0.2795	20.3601
2.7	0.2798	20.4843
2.72	0.28	20.6061
2.74	0.2803	20.7077
2.76	0.2805	20.8086
2.78	0.2808	20.9344
2.8	0.281	21.0571
2.82	0.2813	21.1684
2.84	0.2815	21.2797
2.86	0.2818	21.4088
2.88	0.282	21.525
2.9	0.2822	21.6226
2.92	0.2825	21.7379
2.94	0.2828	21.871
2.96	0.2831	22.0025
2.98	0.2833	22.1098
3.	0.2835	22.2082
3.02	0.2838	22.3309
3.04	0.2841	22.4672
3.06	0.2843	22.5987
3.08	0.2845	22.6858
3.1	0.2847	22.777
3.12	0.285	22.9101
3.14	0.2853	23.0497
3.16	0.2855	23.1586
3.18	0.2857	23.2489
3.2	0.286	23.3748
3.22	0.2863	23.5208
3.24	0.2866	23.6353
3.26	0.2867	23.7217
3.28	0.287	23.8289
3.3	0.2873	23.9629
3.32	0.2876	24.0927
3.34	0.2878	24.192
3.36	0.288	24.2872
3.38	0.2882	24.3953
3.4	0.2885	24.5187
3.42	0.2887	24.6397
3.44	0.289	24.7631
3.46	0.2893	24.8825
3.48	0.2895	25.0116
3.5	0.2898	25.1132
3.52	0.29	25.2157
3.54	0.2903	25.3359
3.56	0.2905	25.469
3.58	0.2908	25.586
3.6	0.291	25.7086
3.62	0.2913	25.8215
3.64	0.2915	25.9127
3.66	0.2917	26.0192
3.68	0.292	26.1491
3.7	0.2923	26.2935
3.72	0.2925	26.4088
3.74	0.2927	26.4992
3.76	0.293	26.6218
3.78	0.2933	26.7573
3.8	0.2935	26.8816
3.82	0.2938	27.001
3.84	0.2941	27.1228
3.86	0.2943	27.2188
3.88	0.2945	27.3124
3.9	0.2947	27.4406
3.92	0.2951	27.5923
3.94	0.2953	27.7069
3.96	0.2955	27.7996
3.98	0.2957	27.9206
4.	0.296	28.0537
4.02	0.2963	28.1739
4.04	0.2965	28.2933
4.06	0.2968	28.4264
4.08	0.2971	28.5418
4.1	0.2973	28.6346
4.12	0.2975	28.7475
4.14	0.2978	28.8822
4.16	0.2981	29.0024
4.18	0.2982	29.0976
4.2	0.2985	29.2017
4.22	0.2988	29.3324
4.24	0.299	29.4639
4.26	0.2993	29.5784
4.28	0.2995	29.6777
4.3	0.2998	29.8043
4.32	0.3001	29.9455
4.34	0.3003	30.0512
4.36	0.3005	30.1415
4.38	0.3007	30.2496
4.4	0.301	30.3819
4.42	0.3013	30.5054
4.44	0.3015	30.6151
4.46	0.3018	30.7385
4.48	0.302	30.8571
4.5	0.3023	30.9846
4.52	0.3026	31.1136
4.54	0.3028	31.2153
4.56	0.303	31.3113
4.58	0.3032	31.4331
4.6	0.3035	31.567
4.62	0.3038	31.6945
4.64	0.304	31.8066
4.66	0.3042	31.9058
4.68	0.3045	32.0285
4.7	0.3048	32.1785
4.72	0.3051	32.3076
4.74	0.3053	32.3947
4.76	0.3055	32.4931
4.78	0.3058	32.6246
4.8	0.3061	13.9281